object Form2: TForm2
  Left = 0
  Top = 0
  Caption = 'Form2'
  ClientHeight = 480
  ClientWidth = 640
  FormFactor.Width = 320
  FormFactor.Height = 480
  FormFactor.Devices = [Desktop]
  OnCreate = FormCreate
  DesignerMasterStyle = 0
  object Rectangle1: TRectangle
    Position.X = 296.000000000000000000
    Position.Y = 216.000000000000000000
    Size.Width = 50.000000000000000000
    Size.Height = 50.000000000000000000
    Size.PlatformDefault = False
  end
  object Timer1: TTimer
    Enabled = False
    Interval = 10
    OnTimer = Timer1Timer
    Left = 480
    Top = 160
  end
  object Label1: TLabel
    Align = Top
    Margins.Left = 5.000000000000000000
    Margins.Top = 5.000000000000000000
    Margins.Right = 5.000000000000000000
    Margins.Bottom = 5.000000000000000000
    Position.X = 5.000000000000000000
    Position.Y = 5.000000000000000000
    Size.Width = 630.000000000000000000
    Size.Height = 17.000000000000000000
    Size.PlatformDefault = False
    Text = 'Label1'
    TabOrder = 2
  end
  object Label2: TLabel
    Align = Top
    Margins.Left = 5.000000000000000000
    Margins.Top = 5.000000000000000000
    Margins.Right = 5.000000000000000000
    Margins.Bottom = 5.000000000000000000
    Position.X = 5.000000000000000000
    Position.Y = 32.000000000000000000
    Size.Width = 630.000000000000000000
    Size.Height = 17.000000000000000000
    Size.PlatformDefault = False
    Text = 'Label2'
    TabOrder = 4
  end
  object Label3: TLabel
    Align = Bottom
    Margins.Left = 5.000000000000000000
    Margins.Top = 5.000000000000000000
    Margins.Right = 5.000000000000000000
    Margins.Bottom = 5.000000000000000000
    Position.X = 5.000000000000000000
    Position.Y = 458.000000000000000000
    Size.Width = 630.000000000000000000
    Size.Height = 17.000000000000000000
    Size.PlatformDefault = False
    Text = 'Press a gamepad button and moove stick 0 (left).'
    TabOrder = 6
  end
end
